478,5
478,4
478,3
478,2
478,1
478,0
477,6
477,5
477,4
477,3
477,2
477,1
477,0
469,6
469,5
469,4
469,3
469,2
469,1
469,0
465,4
465,3
465,2
465,1
465,0
464,6
464,5
464,4
464,3
464,2
464,1
464,0
461,5
461,4
461,3
461,2
461,1
461,0
451,4
451,3
451,2
451,1
451,0
448,6
448,5
448,4
448,3
448,2
448,1
448,0
446,5
446,4
446,3
446,2
446,1
446,0
444,3
444,2
444,1
444,0
442,4
442,3
442,2
442,1
442,0
440,4
440,3
440,2
440,1
440,0
438,4
438,3
438,2
438,1
438,0
436,4
436,3
436,2
436,1
436,0
434,4
434,3
434,2
434,1
434,0
432,5
432,4
432,3
432,2
432,1
432,0
428,3
428,2
428,1
428,0
426,5
426,4
426,3
426,2
426,1
426,0
425,5
425,4
425,3
425,2
425,1
425,0
424,5
424,4
424,3
424,2
424,1
424,0
402,6
402,5
402,4
402,3
402,2
402,1
402,0
401,5
401,4
401,3
401,2
401,1
401,0
394,1
394,6
389,1
389,5
388,1
388,5
387,1
387,5
373,1
373,5
366,1
366,5
351,5
351,1
351,4
350,5
350,1
350,4
349,5
349,1
349,4
344,1
344,4
331,1
331,5
327,1
327,5
323,1
323,5
319,1
319,5
275,1
275,5
248,1
248,6
246,1
246,5
235,1
235,5
226,5
226,1
226,4
